100
3 1 4
1100
1010
0000
1000
2 4 4
1111
1111
1111
0111
1011
1101
10 10 4
0001
1101
0101
1100
0100
1011
1000
0000
0111
1111
0000
1100
1111
1011
0100
1000
0111
0001
1101
0101
8 4 4
1101
1110
1011
0110
0001
0110
1011
0101
1001
0001
0100
1110
2 4 6
011001
010001
101011
111111
011001
010001
10 4 10
1000011000
1001011010
1011011010
1111100010
1101010100
0101110011
0111010110
0110100110
0011010101
1111110000
1100011111
1001001110
0010111111
0011100001
10 10 4
1000
1101
1110
0101
1001
1010
0100
0101
0111
0100
0000
1010
0101
0100
1001
0111
1110
1101
1000
1100
10 10 10
0011000010
0010000110
1101000000
1110000100
0001011011
0100110011
1010011000
0000100110
0110010000
1001100000
0100110011
0000100110
0010000110
0001011011
1110000100
1001100000
0110010000
1010011000
0011000010
1101000000
1 10 10
1111001001
1111001001
1110101000
1010010011
1001011010
1100001111
1100001000
1010000100
0011010101
0010100111
0001000111
10 10 5
00001
01011
01010
10001
00000
01010
11011
00101
00010
01011
00010
01011
11011
01001
10001
00011
01010
00000
00001
00101
1 1 10
1111111111
1111111111
10 10 5
11110
00001
10011
11001
10000
01110
01010
00010
11101
00111
00001
11101
01010
01110
10000
11110
10011
00010
00111
11001
10 10 10
0111110000
1000011110
1000100000
0111001110
1011110001
0100100011
1001111101
0000111111
0000101000
1010010010
1001111101
0111001110
0100100011
0111110000
1000011110
0000101000
1000100000
1010010010
1011110001
0000111111
10 10 5
01100
01100
01100
01100
01100
01100
01100
01100
01100
01100
11100
01101
11101
01110
01000
11000
11110
01100
10100
00100
10 1 1
1
0
1
0
0
0
1
0
1
0
1
10 10 5
10001
01101
00101
11011
11010
10001
01111
11001
11001
00010
01111
01101
00101
10101
00010
11010
10001
00001
11001
11011
10 10 9
000011111
010111111
010011101
010001001
000010111
010011111
010011111
000010111
110011111
010001101
001011111
010001001
100011111
000010111
000011111
010011101
110011111
010001101
010111111
010011111
10 10 8
00111011
10011110
10001110
10001110
00110010
00111110
00111010
00101110
10001110
10001111
10111011
00111011
00111010
00111110
01111011
10001111
00101110
10001110
00110010
10011110
10 10 7
1001011
0100010
0111100
1010101
1100011
1110100
0011100
1111011
1100100
0011010
1111011
1010101
1100011
1100100
1001011
1110100
0111100
0011010
0100010
0011100
10 10 7
0110100
0100011
1110100
1110100
0000011
0001011
1110100
1110100
0000011
0001010
0110000
0000011
1110100
0110100
0100100
0001010
0111100
0100011
0001011
0010100
9 10 10
0011011101
1001011010
1110011100
1011010100
0100111001
1100111110
0101110000
1001010100
1101110010
0111001001
1001011011
0001010011
1101000011
1111110001
0000100100
1000111101
1000111100
1001010100
0110011101
9 7 8
00010100
01111001
00001111
11011011
10000001
00111111
11000100
01001100
01100000
00101110
01001100
10010010
00010100
00000110
01100100
11111101
10 1 10
0010011111
0001010011
1111001001
1000001111
1000011011
1011011011
0011001100
1111010001
1001011111
1011010111
0101011101
10 7 3
000
100
001
101
010
010
010
011
000
010
001
011
110
000
010
101
100
10 10 4
0100
1110
1110
0011
0111
1111
0110
1111
1100
1111
0100
0000
1010
1110
0110
0111
1100
1111
0101
0011
10 10 6
000001
100001
110100
000001
100001
010001
100001
000001
000001
100101
001001
000001
000000
110100
000101
110001
010001
000011
100101
100001
10 10 9
001000000
001000000
001000000
001000000
001000000
001000000
001000000
001000000
001000000
001000000
001000000
001000001
001000100
001001000
001000010
001010000
101000000
001100000
000000000
011000000
10 1 1
0
0
1
1
0
1
1
0
0
1
0
1 10 10
1010110001
1111110000
0000100011
1010110001
0001000010
1000100111
0110011100
1111111101
0100011110
0001111111
1101000011
10 10 10
1110110110
1110110110
1110110110
1110110110
1110110110
1110110110
1110110110
1110110110
1110110110
1110110110
0110101110
0101111100
1111000111
0011100110
0111011011
0110010010
1110000001
0001011000
0001101001
0011000100
10 10 10
0000011010
0101000110
1101100100
1100011110
0001111011
0000000100
0001101010
1011111000
1110110101
1011011000
0101000110
1100011110
0001111011
0001101010
1101100100
1011111000
0000011010
0000000100
1011011000
1110110101
10 10 6
110110
011101
100111
110111
100110
111001
000110
101100
001010
101101
100111
101100
110111
100110
000110
101101
111001
011101
001010
110110
10 10 10
0000110011
0010100010
1010000001
1011101010
1010001101
1011111000
1001000001
0001101101
1110011001
0100011010
0100100110
0010100101
0001101011
1101101010
0000100001
0011111001
1000111000
1110110111
1110010000
1010001011
10 10 5
11110
10001
10010
11101
01010
11100
11001
01011
01010
11010
10010
11101
11010
10001
11110
11100
01011
11001
01110
01010
1 10 10
1101100110
1011011101
0000011000
0111010001
1110101110
0010100101
0100110011
0010110001
1101100110
1110100000
1100111100
10 10 9
001010111
101100101
010011100
111011101
101011011
100011101
110001101
101010001
110000110
100010001
111011101
110000110
100011101
100010001
110001101
101011011
101100101
101010001
001010111
010011100
10 10 10
0110101110
1110011111
1101110100
0010011111
1010010110
0111010011
1101101011
1100111001
0111100100
0011000011
0111100100
0011000011
1110011111
1101110100
1100111001
0010011111
0111010011
0110101110
1010010110
1101101011
10 10 6
001100
000110
000100
001001
001001
100100
001100
101101
010111
100000
011101
000011
010000
000110
000010
110000
100101
000101
001010
000001
10 7 10
1000101011
0000000101
0101101000
1000000010
0111100000
0101010111
1110100010
0010001101
1101001000
1100001000
0100101110
1000110010
0001111100
0001000100
0100010011
0101010011
1001010010
10 10 6
111111
110100
011100
101001
011111
001110
000010
011011
100001
011011
110100
101001
101111
011111
100001
111111
011100
001110
011011
000010
10 10 8
10011100
00010111
01000001
00110111
01110110
00010111
01110110
00110111
00010111
01110111
10011100
00011100
01110110
10001100
01110111
01000001
00010111
00110111
10111100
11011100
10 10 6
001001
100011
011100
111101
100010
101010
111010
101000
100101
100001
100011
100001
111010
101000
100010
111101
101010
011100
100101
001001
10 10 7
1101100
1100001
1101000
1110010
1100010
1111001
1101001
1100000
1111110
0110010
1100010
1101001
0110010
1101000
1111110
1111001
1100000
1101100
1100001
1110010
10 9 7
1011011
0101110
0000001
0110010
0000000
0000000
0000011
1000100
1011111
1010011
0100011
1111110
0100111
1100111
1010100
1101001
1110100
1010111
1110101
10 8 10
0001110000
1011111010
0001010001
0101111000
0011100100
1110000100
1101001101
1010111010
1101000100
1011110101
0010111101
1010101111
1100101100
0000100001
1010000111
0010101010
1100001010
0001010000
10 10 9
000000001
101001101
100100010
100000011
101110100
000011100
011011001
000000011
010010110
111100011
000000001
000000011
000011100
010010110
101110100
101001101
111100011
100100010
011011001
100000011
4 10 10
0111111001
0111110001
1011001101
1010110111
0110100111
0101011101
0110101000
1111110101
0001001111
1000101100
1011111001
0000110001
0101000111
0100011000
10 10 10
0101011110
1110000110
1110110111
0111101110
0100111110
1010100110
0010110111
0000110000
1010001010
1010011111
0100111110
1110000110
1110110111
1010001010
0101011110
0111101110
1010011111
1010100110
0000110000
0010110111
10 10 6
110010
010010
010001
110001
001110
111010
110110
101101
001111
001000
110010
010001
001000
110001
101101
110110
001111
010010
001110
111010
1 1 5
01110
01000
10 10 10
0010101101
1101111111
1001110001
1000110000
0011010010
0001110001
1111101100
0000000011
1001111100
0001101000
1101111111
1001110001
1111101100
0010101101
0000000011
0001110001
1001111100
0001101000
1000110000
0011010010
10 10 6
010010
010110
000110
100100
001110
000100
001110
001100
000110
000000
000100
001110
100100
000000
010010
000010
010110
000110
110010
001100
10 10 8
11111001
11111001
11111001
11111001
11111001
11111001
11111001
11111001
11111001
11111001
11111011
11101001
00111001
10111001
11110001
11111101
11011001
01111001
11111000
11111001
10 10 4
1010
1010
1101
1101
1010
1010
1010
1010
1010
1101
1100
1111
1010
1101
1000
0101
0010
1001
1110
1011
10 10 8
00101110
00100010
00101111
00001011
00000011
00100011
00101110
00101100
00101011
00001011
00101110
00001011
00101100
00101011
00000011
00101111
00100011
10101110
00100010
01101110
10 10 7
1001101
1000101
0100110
1011111
0010110
0111110
0110110
1001001
0011011
1011101
0110110
1011111
1001101
1000101
0011011
0100110
0010110
1011101
0111110
1001001
10 10 5
10011
00101
10101
10010
00101
00001
00001
10011
00001
10010
10101
10001
10111
00101
00011
11011
10011
10010
00001
01101
10 9 10
0111011100
0001100000
0000010011
0101000100
1000110010
0100001101
1101111000
0011001011
0010111101
1001110011
1101110111
1001000000
1111100010
0000111011
1000101100
1001000011
0000001010
1011010110
0101100001
10 10 10
1000000011
0000111010
1000111000
0000111010
1010100011
1010000011
0000111000
1000100011
0000111000
1000111000
0101101101
0111100011
0010100100
0111001100
0010011011
0011111001
0101111101
1000010010
0101001101
0111010011
10 10 4
0110
1000
1100
0001
0010
0111
1011
0111
1000
1111
0010
1110
0100
1100
1011
0111
1111
0110
1000
0001
10 10 4
0100
0110
1011
0111
0100
1111
1000
0011
0100
1100
1111
0111
1011
0110
0000
1100
1000
0100
0101
0011
10 10 7
0011111
0001110
1001000
0001110
1010011
1110110
1100110
1001100
0011100
1001111
1011111
1100110
0001110
1001000
1110110
1001100
0011100
0011111
1001111
1010011
10 10 5
00001
11100
01111
01100
10001
11111
11111
11101
00011
01111
11111
10001
01001
00001
11101
01100
11100
00011
01111
00101
10 10 5
11101
11000
01110
11111
11011
00100
11011
10010
11011
01001
10010
00100
11000
01101
01110
01001
11011
10101
11101
11111
10 10 7
0011100
0111000
0111100
0111000
1001100
0111100
0011000
0011000
0011000
0111100
1001100
0011000
0111100
0011101
0111000
0001100
0010100
0011110
1011100
0011100
10 10 4
1011
0001
1111
1101
1111
1110
1100
0111
1110
1001
0011
1001
1111
1110
1100
1010
0001
0111
1101
1011
10 10 9
110000101
111101111
111001011
110101011
111101011
110001101
111101011
001011001
111101111
110101001
111101011
110000101
001011001
010000101
111001011
110101001
100000101
111101111
110001101
110101011
10 10 8
10001111
01111110
00110011
11011110
11001011
01100111
11001000
10000000
01001111
01100111
01100111
11001011
10001111
00001111
11011110
10000000
00110011
01001111
01111110
11001000
10 10 10
1010001000
0010011000
1011010001
1111000110
1011100010
0011100001
0010000011
1110110111
0100111100
0011010000
0000100110
0100000011
1011101100
0110001100
0001001000
0101001110
1110010010
1100110001
1110100110
0000001011
10 10 4
1000
1000
1000
1000
1000
1000
1000
1000
1000
1000
1110
0100
1100
1010
0010
0000
1101
1000
1001
0001
10 10 10
0011000001
0010111101
0010011111
0010111111
0000011011
0000111011
0001011011
0011010001
1010011111
0010111111
0010111101
0011000001
0000011011
0001011011
1010011111
0010011111
0010111111
0000111011
0011010001
1011000001
10 4 10
1011001101
1000000010
0010001011
1000110011
1011110011
1000010010
1100001110
1111011100
1110100100
1000010011
0101101101
1110001011
0001111010
1011101111
10 10 6
101010
001101
111001
100111
101000
011010
010111
000100
011110
011011
011011
101000
010111
100111
011110
111001
011010
001101
101010
000100
10 10 10
0100100110
1010010011
1010011111
0011111111
1110101011
0111100011
0110000001
0011111001
0011101011
0011101100
0001001001
0100010001
1111111000
1100110111
1000111101
0110010000
0001010001
1101110001
1100011111
1001100001
10 10 5
01000
11100
00000
10010
01001
00100
01111
11100
00110
10111
11000
11100
01000
01111
00110
00000
10010
01001
10111
00100
10 10 7
0100011
1100011
1100011
1100011
1100011
1100011
0100011
0101000
1101011
1100010
0100001
0110011
0101011
0101000
1101011
0100011
0000011
0100111
1100010
1100011
10 10 4
1011
1001
1011
1001
1011
1001
1001
1011
1011
1001
1101
1010
0001
1000
1111
0010
1001
0011
1011
0111
10 10 7
1111011
0101110
0100110
0100110
1100010
0100111
1111010
1110010
1110110
1110111
1110010
0101110
1110111
1111011
0100111
1110110
1100010
0100110
1111010
0111011
10 10 9
001111101
101110010
111000000
000000010
110110101
101000110
001010110
000100001
110010001
001000001
001111101
111000000
001010110
001000001
110010001
000100001
000000010
110110101
101000110
101110010
10 10 10
0001001000
0100100010
0001101100
1011101100
0101101001
0010011000
1110111110
0001000111
1001010111
0011001011
1011101100
0100100010
0011001011
0001101100
0010011000
0101101001
0001001000
0001000111
1001010111
1110111110
1 1 4
0000
0000
10 10 8
00000111
11010001
01101111
01011010
10000011
11101101
10101101
10100011
11011011
10010010
11011011
01011010
11101101
00000111
10100011
11010001
01101111
10000011
10010010
10101101
10 10 5
10011
11110
11011
00011
10010
11011
11010
01011
11010
10110
11011
11010
10010
00011
11110
10001
10011
10110
01011
10111
6 10 10
1101111111
0000001111
1101110011
1001110100
0100010000
1010100101
0101101000
1001011110
0101101111
0111011100
0110010000
0101110111
0010011001
1011000001
0110000010
0010000110
10 10 4
1011
1100
1001
1100
1100
1100
1100
1100
1011
1011
1011
1010
1000
1101
0011
1001
1110
1100
0100
1111
10 10 5
11111
11100
10111
00000
10110
11001
10101
01100
10111
11111
10101
01111
01100
10110
00000
10111
11111
11100
11001
11011
10 10 8
01001011
01110010
00111110
00001110
01001111
01001110
01000111
01111010
01111110
00001111
01001011
01110010
01001110
01001111
01111110
00001110
01111010
01000111
00001111
00111110
1 10 10
1101011110
0000001100
1101011110
0011011010
1010001101
1001000101
0001111001
0001001100
1001101010
1110010101
0100000111
10 10 8
11111101
11101101
00000011
10011111
00010100
10111101
01111011
01001001
10000011
01011100
11111101
11101101
10011111
01111011
00010100
00000011
01011100
10000011
01001001
10111101
7 10 10
0000010000
0101001100
1000010001
1100011111
0100101111
1101110000
1000111100
0111111110
0111111101
0010000101
0010001011
1100101000
1111111000
0010010111
1110010001
0000010000
1001101001
1 1 1
1
1
10 10 4
1101
1101
0001
0001
0001
1101
0001
1001
1101
0001
0001
1100
1001
1000
1101
0101
0011
0000
1111
1011
1 10 10
0011011011
0011010011
1101011010
0011011011
1000000011
1011101011
1101011111
0011111011
1110101001
1101000100
0110010000
10 10 5
10010
10010
10010
10010
10010
10010
10010
10010
10010
10010
00110
10000
01010
00011
10110
10011
10010
00010
11010
00000
10 10 10
1100111011
1000011011
1100011011
1100111011
1100011011
1100011011
1100011011
1100111011
1100111011
1100111011
1110111011
1100110011
0100111011
1100011011
1000111011
1100111111
1100101011
1101111011
1100111011
1000011011
10 10 4
0011
1011
1010
0101
1111
1100
0101
1100
1100
0100
1100
0111
1111
0100
0011
0101
0010
0001
1010
1011
9 10 10
1101110101
0011100011
0001011000
0100011111
1011101000
0101111110
0111001010
1111001010
1101000001
1011101000
1101100110
1010111110
0100100100
0000000101
1000100010
1111101101
1010010011
1001101101
0011100101
10 10 7
1110100
1110000
1110001
1011100
1000101
1111000
1110100
1111100
1000100
1110101
1111000
1110101
1000101
1111100
0110100
1110001
1011100
1110100
1000100
1110000
10 10 7
1000010
1001010
1000010
1001010
1001001
1000010
0001010
1000010
1000110
1000010
1100010
1000000
0000010
1000110
0001010
1001001
1001010
1000010
1000011
1010010
10 10 6
110010
011101
110111
110011
110101
010101
110110
011111
110111
111111
110111
010010
011111
011101
110010
110101
110110
110011
111111
010101
