100
3
2 2 2 2 2 2 2 3 3
2 2 2 2 2 2 2 2 2
3
2 2 2 2 2 2 2 3 3
2 2 2 2 2 2 2 2 3
3
859988 721755 335213 96957 958561 162763 657957 252861 714607
267110 435513 119596 23355 785896 965637 133591 179273 511577
3
81943 80439 80814 82259 80546 81261 80846 79516 80902
81498 80574 80969 81785 80955 79568 81017 81128 81037
3
40977 950542 743953 459785 707059 86485 431749 372943 775814
238156 840279 364151 258536 610238 724786 527467 758461 121094
3
43864 255416 902485 828349 653082 16782 280450 518582 457304
260841 611040 490898 935732 886626 860357 428168 231788 564523
3
288897 143991 788086 362957 501118 467347 36007 989479 664021
779872 696360 524961 120631 492347 179780 267764 572592 420281
3
738267 316043 609949 270571 353772 172530 926898 604340 44122
802119 877422 329017 147320 258796 359898 377654 962357 886144
3
4 1 3 5 1 2 2 2 3
3 2 1 1 2 1 2 1 1
3
767553 767767 768435 770493 769788 752577 775267 769394 767737
768466 766968 772335 772619 765642 778722 766806 758741 758713
3
614991 610820 610323 600394 604307 616423 603512 605201 602329
614001 597862 604112 611075 599541 602872 611157 614454 613221
3
823161 25878 366969 317166 58985 63877 722980 891882 586847
932003 665500 848456 955885 831512 949072 441535 738015 155794
3
3 2 2 5 3 2 2 3 1
2 3 4 5 5 1 3 2 1
3
365870 363865 365598 364490 364246 376004 368157 364178 367272
367457 366085 367453 363935 370849 368759 365601 367435 362108
3
36402 36057 36329 36324 36298 36943 36944 36488 36730
36288 36874 36573 36112 36413 36309 36291 37008 36640
3
394770 381151 787791 795802 413341 451718 537692 242411 144103
426250 84588 848861 388938 909772 342750 36040 358122 975820
3
488499 191288 255025 49228 654879 110517 443030 731470 645624
572207 344694 837414 483300 398474 155744 44325 590914 607633
3
4 5 8 6 5 5 3 5 5
6 4 6 1 8 5 5 5 5
3
885900 752736 59658 996710 135176 27789 628139 87951 20126
239820 151803 742212 56435 507161 665773 749326 479018 177175
3
305922 304777 298153 306533 305751 304932 305371 305449 305351
304086 306487 306956 302227 303438 303312 310390 302655 302690
3
282060 528825 902245 915423 936671 416493 129112 223642 147928
479490 314792 980770 132684 213540 123337 25931 263481 934071
3
3 7 3 2 5 6 4 6 5
8 5 4 4 2 5 5 4 4
3
4 2 6 3 4 4 6 6 4
6 8 3 1 2 3 4 6 3
3
2 2 2 2 2 2 3 3 3
2 2 2 2 3 3 3 3 3
3
557945 255180 141596 86230 253607 253084 62444 9183 793863
505016 922283 648618 979663 726652 452609 387805 66156 567836
3
1 6 1 2 3 1 4 5 6
2 6 5 7 4 3 2 3 4
3
268553 495444 908926 923331 251517 305435 719481 900739 982427
557687 702803 484277 435596 970585 914050 201364 908754 559644
3
282393 278653 280592 278345 279395 283975 281439 284587 281114
283962 279131 283693 278971 279786 282233 280909 275982 285829
3
959007 194281 218218 568620 976985 804197 156342 217393 615268
669481 889120 926481 319103 425837 214189 578426 682796 664199
3
22240 995224 100763 696175 542469 273540 219606 737315 704694
102595 692774 764671 85206 199947 2666 251175 176632 338866
3
385803 381873 379520 382541 379703 386593 381230 386352 385281
380468 390199 386923 381120 384694 378024 383488 380136 383842
3
586699 588318 589523 579825 584736 586575 588073 584231 579777
588487 585796 581583 584187 588016 583344 596893 574633 584818
3
3 2 7 5 2 4 4 6 4
3 3 2 4 3 4 4 6 4
3
596930 482129 635870 820232 358485 970228 263764 20706 809600
583009 577797 877435 716613 341105 888376 28093 96757 497188
3
22397 984002 8422 146688 734775 597779 356327 125609 156712
689898 480491 829071 971405 794253 863328 854219 481510 651025
3
773703 725686 692771 899281 662421 155962 606189 234776 881062
65753 106763 414937 22027 742718 834357 785848 391199 50327
3
238738 259693 449273 283851 662961 920819 238550 942406 625171
74619 815850 362558 101777 774509 509771 322790 254886 2334
3
312303 95386 285322 679016 775373 509227 896873 265258 854985
44291 977655 215887 586208 967671 171274 742658 115941 788082
3
2 1 2 2 2 1 2 2 2
2 1 1 3 2 1 2 2 2
3
805661 194131 289287 785871 154545 202381 843485 239552 524491
289901 387695 394546 885004 93774 173810 625148 510689 312136
3
2 1 1 3 2 2 2 2 1
1 2 2 2 1 2 1 1 2
3
755025 798177 363598 914716 107306 464489 965068 11668 688554
320102 350882 258275 806351 716370 864128 68753 176748 669095
3
820777 843295 824769 835163 833826 828791 836270 824329 828307
822479 832931 837925 825919 836238 829374 836332 824989 829338
3
2 2 1 2 2 2 1 4 2
1 4 1 1 3 1 3 2 1
3
2 2 2 2 2 2 3 3 3
2 2 2 2 2 3 3 3 3
3
266938 268816 268191 263895 268355 272656 269088 265408 263079
266289 266167 271919 268072 267793 271897 265482 265354 263455
3
2 3 2 3 3 2 5 2 6
4 2 3 4 2 3 3 4 3
3
993760 701124 116206 623349 220510 54708 621222 736394 678970
761468 220470 578925 298954 288770 771612 992957 147619 730691
3
503496 494636 493688 492776 487353 494607 497765 486548 495155
499273 491885 496334 483798 498397 505773 491138 485040 494389
3
432596 364311 403419 394683 98891 32113 558327 46711 937699
861995 318182 67861 799783 567094 280094 441349 863125 103356
3
929096 923625 927469 924479 934563 916621 924996 929150 932328
923808 941461 925784 927258 912200 920086 935148 927544 929040
3
3 2 3 1 2 4 3 3 2
1 1 4 2 3 3 4 2 2
3
806734 798311 492339 461442 623602 358715 346495 489142 365589
471353 553108 621302 459552 973218 64501 322350 965587 695490
3
254241 712395 804065 973996 679661 61222 807925 703322 55658
773399 382423 541448 788730 540745 866490 594765 508138 432611
3
2 5 1 3 2 3 1 1 1
2 3 2 2 2 2 3 2 2
3
305300 301680 300945 307056 301186 308130 298912 304579 300479
301269 300896 306155 298870 307123 307243 301061 301726 303926
3
548388 247300 2222 402295 660673 610476 120705 382858 162560
699655 573466 35579 642887 333713 61330 48979 483598 848624
3
151275 157865 8738 70083 112350 205899 903721 284528 208153
763891 103296 615782 164171 413795 163677 197126 164907 183814
3
1 1 1 2 1 2 2 2 1
1 4 2 1 1 1 1 1 1
3
3 4 3 2 2 4 4 4 4
2 3 3 9 3 3 3 1 5
3
399633 391898 391369 401080 393413 388333 395700 394664 391784
398779 398979 393468 395289 392428 390069 397765 390205 390892
3
595019 394120 221609 91996 577269 176517 533447 393948 669106
20414 70197 915856 798235 666392 272951 409521 663281 36648
3
470761 275647 584014 954993 564712 882542 714059 678853 15588
598915 851691 992210 68277 559849 957869 443255 810275 589699
3
648603 756758 237149 940840 645332 996722 489783 866030 31254
198356 474071 28571 704275 290938 497744 825162 25808 726217
3
3 1 2 2 2 1 2 5 1
3 1 2 2 3 2 1 3 1
3
1 1 3 1 5 3 6 4 2
2 4 5 1 1 3 2 6 1
3
250082 253441 251348 251584 253793 249984 257251 252036 251292
250928 255554 251465 251982 252858 248599 254714 250602 254109
3
627198 636525 642031 643882 632141 629911 632164 633427 625963
646071 632432 634079 635155 628098 634499 637951 626807 628154
3
5 1 3 3 4 4 5 2 3
2 1 3 3 4 4 3 2 4
3
3 1 3 2 3 2 2 1 4
3 3 1 3 1 1 5 4 2
3
461300 576836 546781 368574 35440 692958 378668 492756 627436
707118 15716 655365 476767 965623 98575 729150 801182 142953
3
670505 141475 541332 90376 81324 378036 26598 230642 539422
687648 420211 10740 185461 613298 8632 943773 871140 983137
3
925872 923493 219558 793240 603890 707523 636854 937189 138920
611567 710707 843141 395243 69360 249823 791042 629587 297183
3
240917 240305 242688 242936 237588 243460 239902 244709 241494
238754 243936 244155 243351 243995 238338 237607 245146 238717
3
95210 737196 142772 152155 347518 439251 427598 601472 212110
453873 772210 821859 452221 507366 846909 899779 840250 858649
3
2 3 6 4 3 6 3 4 3
4 6 3 3 5 4 3 3 3
3
609033 599997 601374 601262 599577 589325 593498 592351 588412
598252 595942 603051 587212 606066 592377 604129 597020 590782
3
317354 710458 349793 584137 541649 673404 309778 760461 681401
863714 276656 588792 35069 561275 482464 528916 807960 889722
3
3 5 10 6 7 6 5 4 8
5 6 7 5 6 6 8 3 6
3
306026 521659 490559 850270 568037 112041 456754 243031 487317
43689 156684 824573 180469 629003 594092 669063 597679 43406
3
230106 596145 291946 356509 470262 164713 439485 265002 202895
624303 705372 152235 257296 930393 923768 659259 105568 697759
3
222504 922837 921397 29717 670211 282703 998625 376900 393167
26649 28573 447212 368391 793496 686826 190627 282317 157602
3
6 3 4 3 2 2 5 4 3
5 4 3 5 4 4 4 1 3
3
93965 92755 93392 91860 92544 93206 92733 94297 94070
92620 94112 93483 93113 93484 93758 93098 92744 92409
3
138462 817549 805329 380720 613529 773519 787968 876364 83804
463538 58226 508588 599251 427707 235278 102721 807082 594161
3
5 2 3 3 2 6 4 4 5
3 6 1 2 4 3 4 2 7
3
330048 336168 328155 332482 334142 332689 333941 326119 331040
330986 332787 337319 326418 332052 332648 330565 330668 331343
3
559036 734940 576663 537553 98030 108072 695063 539641 918135
392305 645387 345106 491318 781798 973735 214187 907115 184029
3
502360 493193 505760 500465 503435 502387 504776 486274 510949
504989 504561 497332 499525 501827 498386 497464 508077 497438
3
55246 456335 476000 524856 188448 278914 373867 937453 344486
187608 65933 471047 228371 745921 910834 57891 768499 27695
3
2 1 5 2 3 3 3 5 3
2 2 6 4 1 2 1 4 4
3
9 9 9 9 9 9 9 9 9
9 9 9 9 9 9 9 9 9
3
254620 258053 255510 256916 261211 254141 257685 255471 260234
255391 252796 257966 261257 257159 255091 259093 257180 257908
3
860051 730176 244440 492775 984632 818085 16119 745298 122913
875812 397069 845809 640651 981744 248618 999941 41945 852611
3
668083 564849 897796 774141 4686 847291 510063 225344 795918
987756 803215 233544 50966 527745 305185 428971 561407 138002
3
799679 785306 795179 779355 803944 791581 809624 779637 782280
785362 808926 779580 789283 796843 793026 785796 791202 796563
3
4 4 4 3 1 6 3 3 3
5 6 2 3 3 4 3 3 3
3
218541 528162 191413 133882 802173 380324 112298 127568 697436
465892 368764 939305 979118 41885 467677 126385 114878 969610
3
484825 196898 299901 950259 526486 732996 613877 43866 925999
653515 463974 386315 21419 338566 697436 782089 495203 177374
3
969624 969334 954518 949936 945586 977041 960468 960015 968569
955237 955842 955525 972775 963419 969521 965251 976597 940919
